150
140
192
76
14
121
159
87
35
253
177
184
35
68
51
52
10
58
142
218
155
165
166
254
215
138
124
233
99
53
95
76
234
220
170
208
52
184
222
65
197
4
144
138
20
33
30
143
203
30
141
251
140
155
16
166
126
209
168
57
250
63
92
191
68
213
84
209
196
183
8
112
101
216
80
188
167
42
234
217
66
192
187
153
88
25
60
128
65
26
158
252
29
221
37
242
168
120
176
97
165
43
210
205
138
85
90
142
107
58
195
128
102
228
80
25
158
87
57
35
27
141
167
73
19
67
245
61
150
119
213
151
45
70
141
140
159
208
182
215
24
25
160
26
72
235
177
194
107
5
206
35
10
45
26
5
224
12
227
213
55
108
196
20
13
133
140
30
192
113
137
191
245
75
114
228
207
70
84
239
163
153
141
198
240
3
131
48
55
120
102
113
43
130
181
131
111
237
71
254
211
112
218
73
150
128
16
187
69
168
19
6
119
159
103
155
242
72
102
162
95
50
58
84
5
113
47
16
200
70
19
100
196
227
34
41
30
102
12
235
113
75
18
189
251
45
86
250
109
195
54
219
14
87
43
73
187
187
200
5
138
114
93
125
195
149
241
202
142
141
110
219
22
237
172
33
19
24
90
172
40
73
228
244
92
138
123
92
216
64
217
141
211
101
64
6
64
115
78
109
11
124
58
70
245
173
129
24
186
150
8
14
64
173
139
232
137
183
80
155
6
32
15
10
184
176
200
207
240
85
55
119
26
253
92
115
18
42
17
18
93
175
220
38
122
193
130
63
125
130
247
238
4
190
90
149
104
52
220
141
174
68
167
19
195
239
135
176
127
160
252
107
182
126
240
209
230
196
109
208
71
192
160
204
150
194
101
78
68
218
92
91
167
122
70
129
126
124
56
55
104
99
4
171
34
234
238
163
215
216
18
75
154
251
75
135
160
44
207
57
67
57
51
117
149
199
110
59
204
111
92
85
174
184
195
131
72
122
234
224
82
222
30
151
18
148
62
191
127
109
233
207
185
95
205
67
220
23
56
137
230
26
121
101
222
29
189
236
184
55
36
225
173
82
66
38
248
25
133
126
38
215
54
79
74
5
149
120
25
29
73
103
166
196
205
57
51
248
139
106
176
18
222
18
250
97
214
88
72
68
247
173
122
154
58
170
147
104
153
17
147
138
116
231
233
147
56
167
112
53
183
242
147
173
149
214
180
105
215
37
221
84
198
23
106
195
145
226
136
146
238
100
142
239
149
33
233
95
7
83
149
46
21
227
219
235
136
239
240
196
120
126
183
100
225
128
43
158
80
215
197
220
234
226
89
131
176
56
232
23
209
230
141
112
165
184
131
186
155
38
4
128
131
183
20
56
209
195
37
23
146
58
33
242
66
72
138
65
186
149
18
168
91
141
192
51
15
198
12
242
147
195
141
154
56
68
110
75
220
224
104
239
182
30
66
32
188
218
131
33
252
73
227
76
201
83
152
225
189
134
217
16
104
224
58
32
71
107
187
223
36
149
30
219
5
216
211
111
208
195
104
47
132
192
174
191
235
253
237
102
210
35
175
36
8
175
140
229
24
52
148
216
128
14
47
20
6
187
48
132
146
62
38
7
109
144
67
15
236
71
111
99
77
71
199
34
133
112
199
71
38
88
246
157
176
228
154
60
66
125
52
191
236
28
19
188
8
112
27
189
26
82
23
117
131
152
97
186
30
190
79
93
215
216
44
95
187
201
36
75
253
61
152
6
19
83
243
169
73
66
113
226
154
225
54
121
129
120
174
95
48
26
235
36
141
233
213
37
113
246
10
222
37
174
234
212
194
211
170
234
172
161
32
167
32
99
211
207
54
114
74
50
217
90
35
37
115
90
124
246
38
181
154
210
27
82
121
145
100
121
103
49
44
201
23
124
188
123
28
12
186
228
187
34
41
197
120
193
109
205
148
12
149
248
130
54
241
160
8
214
41
65
227
92
47
69
178
217
232
66
144
193
205
24
20
128
126
146
87
31
169
102
71
3
46
171
49
125
190
209
132
13
39
11
196
14
111
235
4
85
201
10
148
130
204
70
208
143
208
151
98
71
45
156
171
109
58
48
101
69
97
138
250
62
68
36
136
39
109
242
136
69
156
97
224
156
68
82
185
49
17
64
138
40
96
140
165
202
98
63
99
223
224
209
49
202
233
146
216
111
62
217
140
38
221
47
161
2
79
46
6
191
35
33
215
3
184
76
249
34
162
195
224
241
241
228
46
110
115
122
67
115
214
169
171
146
138
232
251
165
216
205
244
156
100
93
161
2
136
134
124
252
243
225
