230
61
217
252
145
76
214
78
184
169
206
245
175
155
199
43
25
84
82
241
146
12
53
240
156
204
160
118
51
70
23
74
109
221
168
120
204
91
249
45
12
117
229
103
111
118
107
33
132
202
224
130
140
218
244
72
206
219
108
148
183
73
228
162
78
219
159
52
229
112
65
87
91
85
238
139
187
154
239
50
247
3
254
138
240
29
16
138
177
252
214
242
3
137
233
106
141
115
173
30
18
53
116
81
190
52
63
44
200
143
205
151
47
249
237
145
141
189
15
38
157
157
214
78
99
21
51
13
101
93
64
54
162
69
220
23
76
144
223
58
166
87
81
12
152
218
127
113
212
240
205
79
142
67
1
149
167
136
227
27
48
14
17
45
97
120
119
188
207
73
242
135
224
120
131
183
14
132
185
92
168
114
145
87
252
187
233
88
99
28
176
177
95
126
4
230
189
190
129
241
232
102
183
246
239
71
112
239
93
208
186
219
138
24
88
150
143
39
244
202
96
81
57
120
118
116
206
201
4
23
47
171
190
29
4
159
234
176
169
57
178
120
143
127
9
102
22
124
200
209
247
32
60
169
81
14
36
194
135
8
188
247
206
22
220
87
160
51
118
204
119
168
24
254
47
59
149
224
176
240
32
7
129
107
55
42
176
2
226
177
144
138
139
12
168
119
35
43
161
143
208
81
104
54
16
146
151
81
213
205
102
209
123
53
156
153
246
225
102
88
159
126
76
70
237
104
171
123
180
174
117
6
29
106
156
207
161
188
207
16
226
232
210
170
51
180
167
8
84
1
168
130
221
128
200
37
233
83
83
211
137
130
139
253
5
114
235
179
110
150
21
19
97
91
136
254
227
98
192
199
227
245
219
21
198
119
7
189
175
28
89
8
217
40
54
122
125
144
82
216
155
35
217
93
6
94
155
177
58
92
205
187
65
63
62
19
159
181
145
188
80
74
134
89
228
83
215
115
252
181
197
231
14
234
118
64
62
14
12
137
52
116
174
4
199
147
150
135
156
219
31
120
232
138
20
231
17
111
40
224
82
226
14
201
81
69
92
194
106
119
242
175
209
177
115
52
29
1
204
152
155
155
253
201
223
143
64
132
219
157
70
100
226
168
202
240
40
161
147
101
210
130
69
64
125
22
204
118
151
166
104
239
117
30
211
217
112
182
59
44
64
69
113
100
79
136
153
93
115
19
9
131
74
242
97
238
217
204
125
179
166
249
237
49
63
114
154
202
116
66
86
4
177
63
205
124
149
139
69
165
30
35
169
218
211
194
67
191
19
138
225
82
153
175
99
23
161
107
19
37
168
112
223
226
30
158
145
66
56
55
137
147
192
46
181
232
4
124
4
98
13
141
16
246
7
175
124
37
160
249
64
193
202
2
155
60
226
146
189
106
177
243
123
65
98
230
89
124
235
76
56
19
246
183
200
29
252
60
240
10
114
234
231
2
251
223
54
8
45
71
237
235
113
168
133
120
39
156
71
185
135
171
254
14
234
173
190
53
11
249
121
218
68
175
210
10
36
179
130
95
157
238
233
209
78
22
171
76
135
234
233
188
139
73
60
69
139
170
1
142
208
35
216
204
153
210
93
48
194
49
124
87
215
40
68
40
161
207
178
133
67
81
229
184
1
201
168
213
246
93
9
226
106
194
73
35
194
188
15
171
82
185
120
75
45
194
203
101
208
134
165
223
54
175
158
146
133
145
85
210
88
232
55
76
254
166
104
143
252
10
65
160
158
7
67
160
16
141
232
118
95
248
95
77
67
197
56
6
253
217
83
196
68
70
71
24
128
85
110
143
227
199
149
167
82
231
56
124
112
78
23
13
26
240
34
94
221
211
177
89
143
97
106
114
2
74
82
108
12
218
116
75
239
50
218
161
110
49
60
223
239
152
217
84
120
176
129
1
155
135
101
132
229
152
250
125
60
7
162
75
133
69
87
79
38
144
104
196
190
208
29
234
71
219
81
219
13
15
8
200
166
81
171
51
144
129
191
144
104
201
93
149
175
192
204
56
206
40
176
148
213
202
226
43
106
167
131
11
92
47
70
222
71
184
9
94
62
102
14
169
29
169
95
148
46
54
132
38
241
149
37
104
253
48
43
161
90
71
56
96
153
26
14
241
5
229
62
183
233
93
213
172
241
167
171
161
222
203
75
207
111
219
213
58
183
100
167
199
103
36
19
227
237
157
187
254
190
166
40
211
170
240
96
41
70
152
180
236
214
198
153
238
3
66
162
152
96
104
76
27
229
187
105
208
186
215
3
55
177
20
209
4
135
108
64
2
154
62
131
12
127
51
78
214
